15
5
1 1 1 0 0
10
2 1 1 2 2 2 2 1 2 1
10
1 0 1 1 0 0 0 1 1 0
12
2 2 1 2 2 1 2 1 1 1 2 1
3
1 1 1
3
2 1 1
9
1 1 0 1 0 0 1 0 1
10
2 1 2 1 1 2 2 2 1 2
2
1 0
5
2 1 2 2 1
8
0 0 0 0 0 1 1 0
2
2 1
7
1 1 1 0 0 1 0
10
2 2 1 2 1 2 1 2 2 2
2
0 0
9
2 1 2 2 1 2 1 2 2
14
1 1 1 0 0 0 0 0 0 0 1 0 0 0
13
2 2 2 2 1 1 1 1 2 1 1 1 2
7
1 1 1 1 1 0 1
8
2 1 2 2 2 1 2 2
4
1 0 1 0
7
2 1 2 1 1 2 1
7
1 0 1 1 0 0 1
10
2 1 2 2 1 2 2 1 2 1
14
0 0 0 1 0 1 1 0 1 0 1 0 0 1
15
2 2 1 2 2 2 2 2 1 2 1 1 2 1 2
3
0 0 1
7
2 2 2 1 2 1 1
5
1 1 0 0 1
10
2 1 2 1 2 2 1 2 2 110
6
1 0 1 0 0 1
6
2 1 2 2 1 2
10
1 1 1 0 0 0 0 0 0 0
8
2 2 2 1 1 2 2 2
6
0 1 0 0 0 1
7
2 1 2 1 1 2 1
1
1
6
2 2 2 2 2 1
10
0 1 0 0 1 1 0 0 0 1
7
2 1 1 2 2 2 1
6
1 1 0 1 0 0
2
2 2
8
1 1 1 0 0 0 0 0
4
2 1 1 2
5
1 1 0 1 1
4
2 1 1 2
4
1 1 0 1
7
2 1 1 2 2 2 1
1
1
9
2 2 1 2 1 2 2 1 11
6
1 0 0 1 0 1
7
2 1 2 1 2 1 2
