100
1 2 2 11
2 3 1 3 12
3 3 2 4 13
4 3 3 5 14
5 3 4 6 15
6 3 5 7 16
7 3 6 8 17
8 3 7 9 18
9 3 8 10 19
10 2 9 20
11 3 1 12 21
12 4 2 11 13 22
13 4 3 12 14 23
14 4 4 13 15 24
15 4 5 14 16 25
16 4 6 15 17 26
17 4 7 16 18 27
18 4 8 17 19 28
19 4 9 18 20 29
20 3 10 19 30
21 3 11 22 31
22 4 12 21 23 32
23 4 13 22 24 33
24 4 14 23 25 34
25 4 15 24 26 35
26 4 16 25 27 36
27 4 17 26 28 37
28 4 18 27 29 38
29 4 19 28 30 39
30 3 20 29 40
31 3 21 32 41
32 4 22 31 33 42
33 4 23 32 34 43
34 4 24 33 35 44
35 4 25 34 36 45
36 4 26 35 37 46
37 4 27 36 38 47
38 4 28 37 39 48
39 4 29 38 40 49
40 3 30 39 50
41 3 31 42 51
42 4 32 41 43 52
43 4 33 42 44 53
44 4 34 43 45 54
45 4 35 44 46 55
46 4 36 45 47 56
47 4 37 46 48 57
48 4 38 47 49 58
49 4 39 48 50 59
50 3 40 49 60
51 3 41 52 61
52 4 42 51 53 62
53 4 43 52 54 63
54 4 44 53 55 64
55 4 45 54 56 65
56 4 46 55 57 66
57 4 47 56 58 67
58 4 48 57 59 68
59 4 49 58 60 69
60 3 50 59 70
61 3 51 62 71
62 4 52 61 63 72
63 4 53 62 64 73
64 4 54 63 65 74
65 4 55 64 66 75
66 4 56 65 67 76
67 4 57 66 68 77
68 4 58 67 69 78
69 4 59 68 70 79
70 3 60 69 80
71 3 61 72 81
72 4 62 71 73 82
73 4 63 72 74 83
74 4 64 73 75 84
75 4 65 74 76 85
76 4 66 75 77 86
77 4 67 76 78 87
78 4 68 77 79 88
79 4 69 78 80 89
80 3 70 79 90
81 3 71 82 91
82 4 72 81 83 92
83 4 73 82 84 93
84 4 74 83 85 94
85 4 75 84 86 95
86 4 76 85 87 96
87 4 77 86 88 97
88 4 78 87 89 98
89 4 79 88 90 99
90 3 80 89 100
91 2 81 92
92 3 82 91 93
93 3 83 92 94
94 3 84 93 95
95 3 85 94 96
96 3 86 95 97
97 3 87 96 98
98 3 88 97 99
99 3 89 98 100
100 2 90 99


4
1 1 2
2 1 4
3 0
4 1 3

4
1 1 2
2 0
3 1 4
4 0

6
1 2 2 3
2 2 3 4
3 1 5
4 1 6
5 1 6
6 0


